$ 1 0.000015625 0.41233529972698213 71 5 50
t 448 352 528 352 0 1 -2.3450498200581418 0.539575793290725 100
g 320 224 320 256 0 0
r 368 160 368 224 0 1500
162 368 224 320 224 2 default-led 1 0 0 0.01
w 528 416 384 416 0
w 368 160 416 160 0
R 320 160 320 128 0 0 40 9 0 0 0.5
w 320 160 368 160 0
d 416 208 416 160 2 default
209 464 160 464 208 0 0.00009999999999999999 9 1 1
w 416 160 464 160 0
g 416 208 416 224 0 0
g 464 208 464 224 0 0
R 320 352 320 320 0 1 500 0.05 0 0 0.159154943092
209 384 352 448 352 0 0.00001 -0.5269512143759267 0.001 1
r 384 352 384 416 0 0.001
g 528 416 528 432 0 0
r 448 304 528 304 0 220000
w 448 304 448 352 0
r 528 304 528 176 0 10000
w 528 176 528 112 0
w 464 160 464 144 0
174 464 80 496 128 1 5000 0.005 Stab
w 464 80 528 80 0
w 496 112 528 112 0
t 576 304 608 304 0 -1 3.383858776033565 -0.08176892993405627 100
c 576 304 528 304 0 1e-7 1.7647567999392986 0.001
w 576 304 576 224 0
w 528 176 608 176 0
w 528 304 528 336 0
w 528 368 528 416 0
w 528 112 528 80 0
w 608 288 608 176 0
209 608 176 656 176 0 0.00001 0.3972545575560913 0.001 1
r 640 224 704 224 0 47000
w 576 224 640 224 0
174 608 80 640 144 1 10000 0.203 Drive
w 656 176 656 112 0
w 528 80 608 80 0
174 704 80 736 144 1 10000 0.21290000000000003 Comp
w 608 80 704 80 0
w 704 80 736 80 0
w 736 80 736 112 0
w 608 144 704 144 0
w 704 144 704 224 0
t 608 320 704 320 0 -1 -0.5794904349137067 -0.6014840521705496 100
w 704 304 704 224 0
r 608 320 608 432 0 470
r 704 336 704 432 0 5100
174 608 432 640 480 1 10000 0.8168000000000001 Gate
w 608 432 640 432 0
w 640 432 640 464 0
w 608 496 672 496 0
w 672 496 672 416 0
w 528 416 672 416 0
174 704 432 736 480 1 5000 0.45050000000000007 Vol
w 672 496 704 496 0
w 672 416 784 416 0
w 736 464 736 336 0
209 736 336 784 336 0 0.00001 0.35285246393472613 0.001 1
r 784 336 784 416 0 220000
w 784 336 832 336 0
w 784 416 832 416 0
p 832 336 832 416 1 0 0
x 445 66 477 69 4 16 Stab
x 588 65 625 68 4 16 Drive
x 680 65 722 68 4 16 Comp
x 589 521 623 524 4 16 Gate
x 689 524 711 527 4 16 Vol
x 299 180 344 183 4 16 Power
x 352 274 444 277 4 18 Input\sStage
x 732 274 838 277 4 18 Output\sStage
s 320 352 384 352 0 0 false
w 656 112 640 112 0
b 255 100 541 383 0
b 565 162 917 426 0
o 13 1 0 12294 0.34858686408834766 0.0001 0 2 63 0
