$ 1 0.000015625 0.8729138363720133 66 5 50
R 304 176 304 144 0 0 40 9 0 0 0.5
d 416 304 368 304 2 1N4148
R 192 352 192 320 0 1 500 0.132 0 0 0.159154943092
r 416 256 416 176 0 10000
c 304 352 256 352 0 0.0000047 1.1447675314870465 0.001
w 576 384 576 432 0
174 576 320 608 368 1 100000 0.23270000000000002 Vol
w 608 352 656 352 0
w 496 432 416 432 0
w 576 432 656 432 0
p 656 352 656 432 1 0 0
x 587 316 609 319 4 16 Vol
x 238 178 283 181 4 16 Power
c 416 256 496 256 0 0.000001 1.0440465469719535 0.001
w 192 352 256 352 0
x 174 376 209 379 4 16 Input
x 669 376 717 379 4 16 Output
g 576 432 576 448 0 0
w 304 256 304 304 0
w 416 304 416 256 0
w 576 256 576 320 0
w 304 352 368 352 0
c 400 256 336 256 0 4.7e-10 0.0029890652556019415 0.001
w 336 256 304 256 0
w 400 256 416 256 0
r 368 304 304 304 0 300
r 416 368 416 416 0 100
w 416 416 416 432 0
r 496 368 496 416 0 3000
r 496 256 576 256 0 10000
w 496 256 496 368 0
w 496 416 496 432 0
w 416 304 416 336 0
w 304 304 304 352 0
w 496 432 576 432 0
400 368 352 416 352 1 0\s1\s-0.0029890652556019415\s0.4685908221216518\s100 0\s1\s-0.47157988737725376\s0.5879609143502137\s100 1
d 304 208 304 176 2 1N4004
g 304 208 304 224 0 0
w 304 176 416 176 0
o 2 1 0 12294 0.39086784183654316 0.0001 0 2 10 0
