$ 1 0.000015625 0.8031194996067259 71 5 50
r 240 112 240 192 0 3900
162 240 192 320 192 2 default-led 1 0 0 0.01
w 384 496 384 432 0
w 384 112 448 112 0
R 240 112 240 80 0 0 40 9 0 0 0.5
w 320 112 384 112 0
d 320 192 320 112 2 default
209 576 112 576 192 0 0.000047 0.7608246725695604 1 1
w 448 112 512 112 0
g 320 192 320 208 0 0
R 240 352 240 320 0 1 500 0.05 0 0 0.159154943092
r 384 352 384 432 0 1000000
r 624 416 624 496 0 1000000
r 320 112 240 112 0 100
w 448 352 448 288 2
c 448 352 384 352 0 3.3e-9 7.783659143108436 0.001
w 512 192 576 192 0
w 320 192 384 192 0
w 512 192 512 336 2
w 512 448 512 496 0
r 512 112 512 192 0 3900
w 512 112 576 112 0
t 448 352 512 352 0 -1 7.799869572104548 -0.3851142005580632 100
r 448 352 448 432 0 470000
r 448 112 448 192 0 68000
174 512 384 544 432 1 10000 0.7178000000000001 Vol
w 624 416 704 416 2
w 448 432 448 496 0
w 512 496 448 496 0
w 624 496 704 496 0
209 384 112 384 192 0 0.00009999999999999999 8.948732187854876 1 1
p 704 416 704 496 1 0 0
x 547 467 569 470 4 16 Vol
x 216 58 261 61 4 16 Power
c 544 416 624 416 0 1e-8 0.0031809345175409596 0.001
w 240 352 320 352 0
x 222 376 257 379 4 16 Input
x 679 397 727 400 4 16 Output
g 512 496 512 512 0 0
w 512 384 512 368 2
w 384 496 448 496 0
w 512 496 624 496 0
c 448 288 384 288 0 2.2000000000000003e-9 7.784208361665575 0.001
c 448 224 384 224 0 6.8000000000000005e-9 5.696946608653832 0.001
w 448 192 448 224 0
w 384 224 384 240 0
w 384 272 384 288 0
w 320 288 320 352 0
w 448 224 448 288 0
w 320 352 384 352 0
S 320 256 384 256 0 2 false 0 3
r 320 256 320 288 0 1
o 10 1 0 12294 2.2545425790870834 0.0001 0 2 31 0
